16 9 2 15 15 6 19 8 20 1 5 14 10 14 9 14 19 5 1 17
19 3 9 4 18 12 20 4 5 16 6 6 14 10 8 1 12 15 13 3
9 15 9 8 6 2 18 14 1 4 13 3 3 12 1 10 20 3 11 5
3 5 7 10 9 19 13 20 4 12 14 13 15 1 15 10 17 6 8 8
12 2 19 14 7 16 7 4 8 11 6 8 12 18 20 19 9 8 15 11
20 17 15 4 11 10 3 5 19 6 2 8 8 5 19 6 10 8 16 4
6 10 3 6 19 14 11 16 11 5 18 4 17 15 7 5 9 20 1 12
8 1 3 19 9 4 15 2 15 3 14 5 20 14 10 16 20 18 7 14
17 18 17 1 14 14 13 1 15 4 20 19 8 13 11 7 2 7 6 1
7 19 11 18 16 20 14 5 10 8 9 11 15 8 2 11 13 3 3 10
15 4 8 5 7 1 8 6 11 18 5 11 3 15 10 17 4 19 12 7
10 6 1 15 17 3 11 2 14 2 8 20 18 18 13 4 16 7 5 14
2 16 20 2 9 8 20 17 9 15 17 18 10 4 12 13 1 14 19 10
18 9 11 6 4 9 8 19 17 9 1 3 13 16 9 20 5 1 17 11
6 8 20 1 2 9 17 20 18 11 4 12 3 11 16 13 6 10 15 20
11 20 19 9 11 15 14 3 13 8 13 4 7 17 6 3 18 11 10 16
4 9 20 17 8 15 12 13 19 20 19 10 6 6 19 15 11 18 2 7
14 12 1 20 10 13 11 15 7 11 16 1 9 12 5 3 11 2 8 18
5 5 11 11 1 18 10 1 3 13 7 3 4 9 19 18 8 17 20 4
11 7 13 17 6 17 10 10 8 6 12 12 1 9 18 9 11 5 14 3